5.000000000000000000e+00 1.333484229342598559e-12
6.000000000000000000e+00 1.401424388853781853e-12
7.000000000000000000e+00 1.718823996486179801e-12
8.000000000000000000e+00 1.826063337052879702e-12
9.000000000000000000e+00 2.314884052057602325e-12
1.000000000000000000e+01 3.200070724985110880e-12
1.100000000000000000e+01 3.174737447495274086e-12
1.200000000000000000e+01 3.841375432943986250e-12
1.300000000000000000e+01 3.890171261230012495e-12
1.400000000000000000e+01 4.183389013343646520e-12
1.500000000000000000e+01 4.584500780119812335e-12
1.600000000000000000e+01 5.622694186643862149e-12
1.700000000000000000e+01 5.630328372973163316e-12
1.800000000000000000e+01 5.842390537647513623e-12
1.900000000000000000e+01 5.757890820709931440e-12
2.000000000000000000e+01 6.375515890955298137e-12
2.100000000000000000e+01 6.784725316311485927e-12
2.200000000000000000e+01 7.627059184323979809e-12
2.300000000000000000e+01 7.893926989276734223e-12
2.400000000000000000e+01 8.337949373805850152e-12
2.500000000000000000e+01 9.024515825543000466e-12
